0 4132
1 115
2 147
3 2523
4 1989
5 4221
6 453
7 2086
8 2084
9 3401
10 212
11 2020
12 169
13 3489
14 273
15 4032
16 1511
17 3662
18 1645
19 1094
20 1541
21 4270
22 882
23 3661
24 4270
25 195
26 1961
27 297
28 4157
29 2816
30 1693
31 3123
32 88
33 313
34 1525
35 3845
36 3329
37 88
38 3718
39 2961
40 4254
41 396
42 3088
43 1525
44 3741
45 274
46 3063
47 2072
48 313
49 453
50 3158
51 4218
52 247
53 2084
54 4059
55 15
56 3807
57 1564
58 449
59 3497
60 4129
61 1548
62 3802
63 3915
64 3867
65 4277
66 1530
67 3328
68 4157
69 3659
70 2252
71 383
72 3257
73 1684
74 115
75 4272
76 1705
76 284
76 4203
76 325
76 3036
77 468
78 2012
79 1501
80 991
81 1262
82 3239
83 1794
84 283
85 3734
86 2961
87 1501
88 106
89 4081
90 1734
91 151
92 114
93 354
94 3495
95 37
96 1938
97 3415
98 1525
99 374
100 222
101 1561
102 3967
103 297
104 13
105 3707
106 363
107 2033
108 405
109 4164
110 1880
111 3736
112 1577
113 1016
114 2084
115 1671
116 4212
117 3158
118 1594
119 1764
120 3915
121 3333
122 3802
123 3743
124 258
125 1659
126 3308
127 3872
128 169
129 1991
130 1747
131 274
132 313
133 61
134 3743
135 2145
136 3734
137 1961
138 1561
139 1684
140 4264
141 1630
142 1561
143 1548
144 320
145 4032
146 1812
147 1693
148 1758
149 326
150 3967
151 1535
152 4203
153 1
154 227
155 3718
156 1693
157 1669
158 2740
159 2084
160 3731
161 3489
162 399
163 102
164 1672
165 1758
166 1668
167 2033
168 3940
169 1642
170 3239
171 383
172 2147
173 1747
174 3162
175 23
176 2119
177 3427
178 4203
179 4218
180 267
181 3036
182 4164
183 2113
184 3652
185 3474
186 3815
187 1758
188 1730
189 3640
190 1586
191 3239
192 991
193 3347
194 1684
195 219
196 1921
197 3401
198 195
199 3400
200 100
201 4132
202 1509
203 3495
204 3940
205 3815
206 3553
207 195
208 2093
209 1758
210 1900
211 258
212 3868
213 3915
214 1642
215 1758
216 186
217 3915
218 3214
219 195
220 1730
221 320
222 1528
223 204
224 2967
225 4081
226 1744
227 3807
228 3940
229 4221
230 1924
231 1524
232 1766
233 405
234 2012
235 3757
236 3505
237 2705
238 4264
239 3811
240 1590
241 320
242 260
243 1511
244 1870
245 1871
246 1693
247 2151
248 436
249 1642
250 3176
251 77
252 115
253 1094
254 2102
255 2145
256 3559
257 1642
258 2165
259 3971
260 218
261 3246
262 227
263 3807
264 3246
265 3864
266 1884
267 348
268 383
269 28
270 1767
271 1558
272 3741
273 139
274 3501
275 247
276 3715
277 204
278 4132
279 2151
280 1901
281 4203
282 2091
283 84
284 3815
285 1684
286 1968
287 4203
288 3239
289 93
290 1684
291 405
292 4174
293 3734
294 84
295 1815
296 4077
297 1561
298 1767
299 348
300 3718
301 3807
302 2854
303 4164
304 3395
305 150
306 3812
307 1961
308 1968
309 2113
310 3733
311 27
312 391
313 1568
314 4203
315 4129
316 1525
317 386
318 1642
319 2606
320 1766
321 209
322 3158
323 3802
324 3257
325 93
326 4127
327 3328
328 266
329 3501
330 1318
331 1891
332 100
333 2662
334 3815
335 3975
336 1764
337 2948
338 363
339 1961
340 3720
341 1525
342 3590
343 3068
344 374
345 1548
346 3809
347 89
348 1528
349 175
350 3677
351 1720
352 1747
353 1866
354 258
355 1594
356 1839
357 374
358 4124
359 91
360 1658
361 1950
362 3981
363 3401
364 1970
365 297
366 4157
367 3501
368 3815
369 2421
370 52
371 179
372 1642
373 320
374 2133
375 3088
376 1624
377 2042
378 3662
379 4273
380 1586
381 1884
382 3807
383 1094
384 1684
385 2081
386 3501
387 470
388 20
389 3328
390 424
391 166
392 1672
393 4212
394 3921
395 1968
396 4065
397 1999
398 82
399 1928
400 1887
401 1253
402 317
403 3971
404 166
405 3417
406 1601
407 1810
408 316
409 3802
410 1540
411 3401
412 4068
413 3088
414 2008
415 1948
416 1900
417 2949
418 1238
419 4234
420 1548
421 2084
422 1503
423 4068
424 1758
425 3807
426 1973
427 1815
428 3807
429 3924
430 3864
431 1568
432 4203
433 202
434 1786
435 1884
436 266
437 1750
438 4203
439 2752
440 1758
441 166
442 1766
443 3792
444 1540
445 274
446 3428
447 1561
448 4254
449 3328
450 2102
451 2145
452 3176
453 2145
454 424
455 1890
456 3792
457 4077
458 471
459 4025
460 151
461 2084
462 434
463 405
464 1642
465 1547
466 1454
467 1528
468 396
469 1524
470 1840
471 2167
472 3920
473 3942
474 1684
475 1436
476 1942
477 4226
478 4059
479 1684
480 2145
481 1510
482 426
483 1096
484 3056
485 4237
486 147
487 4276
488 1762
489 3415
490 2252
491 4077
492 4283
493 470
494 1540
495 1412
496 1872
497 4179
498 1741
499 3239
500 1525
501 2144
502 471
503 2084
504 1890
505 4214
506 1436
507 354
508 384
509 3936
510 1412
511 1601
512 3491
513 550
514 1540
515 3971
516 82
517 3250
518 3422
519 3845
520 1684
521 520
522 3860
523 3324
524 1677
525 3422
526 1363
527 3921
528 3952
529 3823
530 2273
531 3005
532 3328
533 2084
534 1832
535 2084
536 1747
537 3921
538 3757
539 1200
540 3802
541 1302
542 3289
543 1094
544 3122
545 984
546 3456
547 2171
548 3323
549 1412
550 3662
551 3718
552 4090
553 1890
554 3693
555 2084
556 1701
557 1561
558 3532
559 3122
560 1214
561 115
562 1181
563 58
564 3130
565 3680
566 1215
567 2964
568 3515
569 1458
570 1495
571 3538
572 3770
572 1466
572 4221
572 543
572 1445
572 1460
572 3424
572 1840
573 3707
574 4254
575 3845
576 1082
577 754
578 3238
579 2712
580 3901
580 3849
580 577
581 767
582 586
583 639
584 2795
585 2680
586 578
587 1961
588 587
589 858
590 631
591 3474
592 169
593 3559
594 886
594 813
594 3452
595 2662
596 915
597 1684
598 3852
599 4162
600 775
601 3320
602 2423
603 3559
604 1758
605 2103
606 3757
607 2421
608 1094
609 2677
610 2741
611 2734
612 2821
613 2045
614 4059
615 732
616 797
617 832
618 882
619 763
620 1758
621 4157
622 3554
623 27
624 2486
625 3559
626 3401
627 2536
628 947
629 3295
630 689
631 2662
632 1961
633 4061
634 3719
635 4264
636 135
637 1677
638 3224
639 3861
640 944
641 721
642 3214
643 2145
644 2646
645 829
646 593
647 2944
648 3239
649 613
650 2662
651 2953
652 2520
653 3469
654 593
655 3735
656 3036
657 1670
658 2944
659 274
660 2611
661 1669
662 1164
663 1825
664 4185
665 3868
666 274
667 1164
668 673
669 1305
670 3202
671 4196
672 3802
673 3705
674 3683
675 1121
676 1262
677 2982
678 2687
679 3467
680 3780
681 4028
682 3909
683 354
684 3894
685 4142
686 1365
687 1989
688 894
689 4059
690 477
691 3850
692 1030
693 4257
694 736
695 2516
696 2498
697 151
698 2519
699 744
700 3921
701 3559
702 828
703 620
704 3778
705 4058
706 819
707 1008
708 4058
709 714
710 3912
711 3640
712 3031
713 1019
714 998
715 979
716 3967
717 845
718 2866
719 449
720 999
721 716
722 2837
723 1057
724 920
725 3914
726 1758
727 3297
728 4060
729 625
730 862
731 2499
732 905
733 3038
734 1000
735 1561
736 2421
737 4203
738 6
739 621
740 644
741 595
742 3212
743 2457
744 620
745 1019
746 4160
747 762
748 844
749 2426
750 3867
751 1082
752 3904
753 3845
754 4203
755 4179
756 3559
757 3422
758 611
759 4155
760 1015
761 2489
762 4023
763 4258
764 3815
765 2084
766 2813
767 588
768 2674
769 699
770 2678
771 836
772 3330
773 1750
774 4162
775 1747
776 4203
777 727
778 2866
779 1764
780 2870
781 2421
782 2421
783 798
784 1747
785 3297
786 2149
787 3924
788 764
789 2501
790 3904
791 3395
792 3707
793 4067
793 654
793 975
794 920
795 4157
796 2775
797 4264
798 2562
799 2753
800 792
801 939
802 779
803 620
804 626
805 576
806 2520
807 3394
808 882
809 2860
810 719
811 871
812 1091
813 3471
814 767
815 732
816 1540
817 4157
818 646
819 4023
820 3038
821 2505
822 4157
823 3554
824 953
825 1767
826 2860
827 3715
828 3401
829 3915
830 1684
831 1642
832 1015
833 3446
834 1610
835 2084
836 850
837 714
838 4259
839 3852
840 2451
841 1774
842 4254
843 704
844 3559
845 3630
846 3693
847 2870
848 3559
849 316
850 2961
851 2812
852 2494
853 1011
854 947
855 892
856 905
857 773
858 2591
859 2486
860 982
861 857
862 3559
863 577
864 795
865 3584
866 697
867 585
868 714
869 4203
870 3860
871 2523
872 1064
873 2821
874 2558
875 3158
876 2547
877 258
878 898
879 4179
880 2519
881 905
882 1758
883 1021
884 4023
885 3735
886 1018
887 2821
888 111
889 1062
890 1028
891 316
892 997
893 775
894 2635
895 1068
895 1036
895 1594
896 2775
897 3909
898 202
899 2646
900 3221
901 4293
902 719
903 762
904 2591
905 2587
906 991
907 644
908 3088
909 3387
910 2496
911 588
912 2935
913 2599
914 3422
915 4174
916 2646
917 3703
918 4304
919 2712
920 3792
921 2662
922 715
923 3970
924 701
925 778
926 894
927 80
928 3554
929 2510
930 2421
931 2705
932 2791
933 2637
934 3038
935 3474
936 732
937 3916
937 3842
937 699
937 3848
937 3807
938 3809
939 861
939 1959
939 3980
939 175
939 3633
940 3709
941 3661
942 3553
943 911
944 2553
945 862
946 621
947 3718
948 2520
949 3779
950 3980
951 3297
952 3640
953 3905
954 4059
955 2699
956 2557
957 4065
958 954
959 2557
960 3559
961 777
962 4061
963 2421
964 2815
965 762
966 2421
967 954
968 2489
969 3222
970 1501
971 316
972 2656
973 2421
974 3650
975 845
976 838
977 2606
978 4023
979 2526
980 3402
981 714
982 2646
983 2556
984 1787
985 1928
986 1758
987 3903
988 4059
989 2778
990 3559
991 2087
992 953
993 4214
994 4292
995 3387
996 845
997 892
998 4254
999 1051
1000 3501
1001 2421
1002 1028
1003 1044
1004 1601
1005 1025
1006 1027
1007 2699
1008 2465
1009 4259
1010 1016
1011 3635
1012 1961
1013 845
1014 2127
1015 4055
1016 17
1017 1072
1018 4258
1019 3554
1020 2626
1021 912
1022 1081
1023 994
1024 882
1025 2926
1026 719
1027 3902
1028 1019
1029 3674
1029 3470
1030 1205
1031 4179
1032 4059
1033 2489
1034 143
1035 2704
1036 4299
1037 283
1038 840
1039 4174
1040 704
1041 4067
1042 3807
1043 813
1044 915
1045 2483
1046 3348
1047 1004
1048 1020
1049 1115
1050 905
1051 813
1052 3967
1053 4259
1054 2678
1055 4023
1056 1734
1057 3471
1058 1826
1059 3238
1060 3815
1061 3785
1062 2816
1063 1022
1064 2489
1065 4162
1066 660
1067 845
1068 2854
1069 2457
1070 3442
1071 719
1072 316
1073 3308
1074 1068
1075 947
1076 689
1077 3554
1078 1054
1079 1036
1080 2526
1081 1036
1082 901
1083 1047
1084 2687
1085 3497
1086 3559
1087 2462
1088 2779
1089 1073
1090 2734
1091 4299
1092 2656
1093 720
1094 3110
1095 313
1096 1762
1097 3894
1098 2770
1099 1961
1100 4200
1101 1316
1102 1262
1103 3690
1104 1437
1105 1316
1106 3894
1107 3422
1108 1747
1109 1747
1110 1495
1111 1719
1112 531
1113 1243
1114 1594
1115 3757
1116 1989
1117 1215
1118 4130
1119 323
1120 3731
1121 3815
1122 3173
1123 3988
1124 1175
1125 421
1126 4200
1127 2606
1128 3423
1129 3836
1130 3936
1131 4033
1132 316
1133 1492
1134 1363
1135 4187
1136 1764
1137 1460
1138 4157
1139 4162
1140 3680
1141 3676
1142 3620
1143 1142
1144 4278
1145 2252
1146 1586
1147 3673
1148 3757
1149 3661
1150 1155
1151 1181
1152 1758
1153 4246
1154 3107
1155 1747
1156 1540
1157 3457
1158 471
1159 3331
1160 4277
1161 562
1162 1142
1163 1263
1164 3446
1165 2084
1166 4203
1167 3676
1168 520
1169 3273
1170 1465
1171 2300
1172 274
1173 2181
1174 1466
1175 3894
1176 3328
1177 3807
1178 1175
1179 3289
1180 1501
1181 531
1182 1256
1183 4291
1184 3824
1185 3756
1186 1170
1187 3617
1188 3806
1189 1677
1190 1840
1191 3818
1192 1540
1193 3379
1194 1961
1195 3881
1196 1295
1197 115
1198 2084
1199 1766
1200 4221
1201 2338
1202 4005
1203 2089
1204 4039
1205 3496
1206 3694
1207 4273
1208 991
1209 2222
1210 526
1211 3574
1212 1338
1213 544
1214 4185
1215 3454
1216 3532
1217 3921
1218 3024
1219 3130
1220 2318
1221 2740
1222 2150
1223 4203
1224 2012
1225 1890
1226 1175
1227 4214
1228 323
1229 1377
1230 531
1231 1495
1232 1256
1233 3526
1234 537
1235 1006
1236 2387
1237 1316
1238 459
1239 3087
1240 3886
1241 3422
1241 3323
1241 3823
1241 1112
1242 3501
1243 1263
1244 2383
1245 1175
1246 3161
1247 1594
1248 384
1249 1214
1250 3757
1251 531
1252 2273
1253 3422
1254 3662
1255 1819
1256 3936
1257 3603
1258 2891
1259 4114
1260 4284
1261 1766
1262 1466
1263 3532
1264 4085
1265 4283
1266 2203
1267 2318
1268 2243
1269 2304
1270 1184
1271 151
1272 3809
1273 2315
1274 1316
1275 3131
1276 258
1277 2949
1278 4102
1279 3105
1280 4243
1281 1568
1282 1195
1283 4218
1284 3998
1285 2378
1286 531
1287 1594
1288 2291
1289 1604
1290 3554
1291 58
1292 3329
1293 2983
1294 4059
1295 1658
1296 1399
1297 1341
1298 3611
1299 3754
1300 2222
1301 1502
1302 3205
1303 1262
1304 1223
1305 1975
1306 539
1307 4246
1308 4277
1309 2986
1310 3186
1311 3985
1312 3772
1313 1460
1314 1525
1315 531
1316 2307
1317 3109
1318 3921
1319 3828
1320 2338
1321 4104
1322 4284
1323 4103
1324 1363
1325 4148
1326 2984
1327 3967
1328 3680
1329 3537
1330 1377
1331 3933
1332 4155
1333 4225
1334 1345
1335 3202
1336 1496
1337 2207
1338 2342
1339 3996
1340 1145
1341 3105
1342 4095
1343 4061
1344 4244
1345 3769
1346 1324
1347 3210
1348 4094
1349 1495
1350 2984
1351 3320
1351 1345
1351 1499
1352 3599
1353 1395
1354 1363
1355 4179
1356 1495
1357 2260
1358 3109
1359 3891
1360 1253
1361 3680
1362 3616
1363 4283
1364 3595
1365 4100
1366 4104
1367 3007
1368 1394
1369 4285
1370 3537
1371 4100
1372 3184
1373 2291
1374 3109
1375 3532
1376 1456
1377 1395
1378 1363
1379 3616
1380 2291
1381 3762
1382 2220
1383 4135
1384 3014
1385 4094
1386 3350
1387 1389
1388 2089
1389 3596
1390 3443
1391 1382
1392 4097
1393 3880
1394 1492
1395 1377
1396 1766
1397 1215
1398 1677
1399 3537
1400 3443
1401 1142
1402 3225
1403 4179
1404 3914
1405 1890
1406 3422
1407 775
1408 1461
1409 4067
1410 1253
1411 3485
1412 2662
1413 1208
1414 1767
1415 2178
1416 3422
1417 1758
1418 3122
1419 3003
1420 2056
1420 625
1420 354
1420 4284
1420 258
1421 4164
1422 2084
1423 2096
1424 258
1425 3639
1426 3250
1427 3005
1428 3662
1429 3515
1430 3895
1431 3331
1432 2268
1433 2163
1434 3422
1435 3359
1436 3860
1437 2232
1438 4283
1439 1758
1440 3807
1441 1432
1442 1263
1443 3936
1444 462
1445 86
1446 348
1447 2206
1448 4203
1449 3270
1450 219
1451 4183
1452 3003
1453 3263
1454 1911
1455 2304
1456 1452
1457 4179
1458 1082
1459 1345
1460 2260
1461 4139
1462 3940
1463 3173
1464 2339
1465 1395
1466 2291
1467 2165
1468 1320
1469 1642
1470 2662
1471 3897
1472 3680
1473 3275
1474 3985
1475 3257
1476 4145
1477 3351
1478 1215
1479 4139
1480 1719
1481 2103
1482 1542
1483 1492
1484 3940
1485 1766
1486 1492
1487 1097
1488 4191
1489 3824
1490 3452
1491 3625
1492 3818
1493 510
1494 4185
1495 531
1496 3845
1497 3967
1498 3210
1499 3422
1500 2959
1501 79
1502 4077
1503 1670
1504 3736
1505 3422
1506 41
1507 1769
1508 3260
1509 4130
1510 3715
1511 2147
1512 1767
1513 3807
1514 3718
1515 1659
1516 2975
1517 3559
1518 1524
1519 4059
1520 1555
1521 1862
1522 2964
1523 1747
1524 1525
1525 1752
1526 3236
1527 2770
1528 1524
1529 4068
1530 1719
1531 1914
1532 3807
1533 1642
1534 1879
1535 151
1536 3452
1537 2947
1538 1989
1539 4276
1540 4077
1541 3328
1542 1548
1543 3328
1544 115
1545 313
1546 1510
1547 3238
1548 143
1549 354
1550 1747
1551 1684
1552 3971
1553 4221
1554 2151
1555 1541
1556 1019
1557 2478
1558 1953
1559 1528
1560 584
1561 1642
1562 1758
1563 1869
1564 1693
1565 4031
1566 2127
1567 3401
1568 1586
1569 625
1570 4272
1571 115
1572 1552
1573 3430
1574 1633
1575 79
1576 689
1577 3401
1578 436
1579 3422
1580 4162
1581 4164
1582 3764
1583 1747
1584 2145
1585 1747
1586 3246
1587 3693
1588 313
1589 1568
1590 1568
1591 1525
1592 1561
1593 56
1594 449
1595 3497
1596 4077
1597 274
1598 1658
1599 1525
1600 3715
1601 2662
1602 4221
1603 1535
1604 4179
1605 1594
1606 1767
1607 4254
1608 1492
1609 3802
1610 1834
1611 3924
1612 2145
1613 1561
1614 313
1615 3246
1616 2162
1617 3328
1618 894
1619 194
1620 2080
1621 3809
1622 4264
1623 452
1624 2961
1625 3559
1626 3718
1627 3708
1628 1669
1629 3239
1630 274
1631 3497
1632 1568
1633 3864
1634 3860
1635 416
1636 1604
1637 4203
1638 151
1639 4068
1640 3239
1641 3422
1642 3164
1643 1512
1644 1961
1645 4179
1646 3940
1647 2102
1648 4260
1649 2894
1650 1568
1651 1684
1652 1568
1653 415
1654 3401
1655 3401
1656 151
1657 198
1658 2258
1659 2113
1660 384
1661 3324
1662 3734
1663 3981
1664 1642
1665 1557
1666 3495
1667 1540
1668 4273
1669 1900
1670 1701
1671 151
1672 2145
1673 2956
1674 4264
1675 3734
1676 3333
1677 3921
1678 166
1679 2974
1680 1900
1681 1659
1682 3501
1683 2513
1684 1815
1685 1548
1686 4124
1687 3924
1688 719
1689 3845
1690 2606
1691 4272
1692 79
1693 15
1694 3239
1695 1890
1696 1981
1697 4157
1698 260
1699 3422
1700 453
1701 3715
1702 4203
1703 3915
1704 1668
1705 4185
1706 4031
1707 1642
1708 4214
1709 258
1710 1752
1711 4068
1712 1586
1713 6
1714 179
1715 4114
1716 3767
1717 1834
1718 3582
1719 1879
1720 137
1721 1684
1722 260
1723 2252
1724 1605
1725 3807
1726 3915
1727 2147
1728 3492
1729 3401
1730 3158
1731 3845
1732 1900
1733 2012
1734 4122
1735 313
1736 3845
1737 3239
1738 1594
1739 1568
1740 3239
1741 1767
1742 2089
1743 147
1744 4203
1745 2055
1746 3592
1747 4185
1748 2947
1749 2089
1750 316
1751 2017
1752 2947
1753 1684
1754 3238
1755 2021
1756 1540
1757 1726
1758 1880
1759 2404
1760 1815
1761 4179
1762 1594
1763 83
1764 1750
1765 4032
1766 1561
1767 1879
1768 1727
1769 317
1770 3836
1771 1747
1772 1701
1773 3582
1774 4077
1775 1525
1776 15
1777 4260
1778 465
1779 1984
1780 151
1781 1684
1782 3489
1783 3401
1784 4276
1785 4119
1786 1509
1787 1984
1788 3056
1789 1540
1790 1758
1791 1524
1791 151
1791 1769
1791 3335
1791 1724
1791 1684
1791 1719
1792 2062
1793 1880
1794 405
1795 1879
1796 1546
1797 3395
1798 1758
1799 1961
1800 1604
1801 1844
1802 3915
1803 1540
1804 2908
1805 3577
1806 1668
1807 202
1808 1535
1809 1750
1810 1542
1811 4218
1812 3085
1813 143
1814 2962
1815 2961
1816 4059
1817 2967
1818 4272
1819 274
1820 2152
1821 1094
1822 143
1823 1887
1824 2160
1825 237
1826 3861
1827 1525
1828 4260
1829 3257
1830 1961
1831 316
1832 3054
1833 4268
1834 1524
1835 297
1836 458
1837 1747
1838 2949
1839 1604
1840 3308
1841 2012
1842 1917
1843 316
1844 1834
1845 1540
1846 1645
1847 1766
1848 1884
1849 1530
1850 1548
1851 1917
1852 2055
1853 83
1854 3328
1855 2916
1856 1684
1857 1659
1858 1586
1859 1906
1860 1543
1861 4130
1862 1758
1863 1968
1864 4077
1865 2961
1866 3489
1867 3186
1868 1018
1869 114
1870 1970
1871 1970
1872 964
1873 118
1874 1746
1875 1719
1876 3809
1877 1844
1878 3914
1879 1767
1880 3328
1881 1094
1882 1879
1883 79
1884 2113
1885 316
1886 4112
1887 1719
1888 2033
1889 1103
1890 3940
1891 1548
1892 3055
1893 2102
1894 9
1895 1766
1896 15
1897 1970
1898 1758
1899 2106
1900 3867
1901 151
1902 3804
1903 1758
1904 1540
1905 1762
1906 166
1907 9
1908 4166
1909 253
1910 1530
1911 3915
1912 258
1913 3864
1914 1528
1915 3067
1916 2961
1917 3246
1918 2023
1919 3415
1920 3456
1921 147
1922 1671
1923 1769
1924 2961
1925 3507
1926 175
1927 3809
1928 4028
1929 237
1930 3486
1931 4203
1932 1642
1933 1561
1934 3792
1935 1649
1936 3320
1937 3507
1938 1747
1939 1783
1940 3864
1941 1758
1942 4077
1943 882
1944 1714
1945 180
1946 3868
1947 2410
1948 1525
1949 100
1950 86
1951 3165
1952 3161
1953 1525
1954 3407
1955 3347
1956 4068
1957 1525
1958 1968
1959 3348
1960 297
1961 17
1962 2123
1963 4221
1964 1524
1965 1561
1966 1879
1967 3490
1968 3868
1969 4127
1970 195
1971 4077
1972 3864
1973 1766
1974 1668
1975 1767
1976 1883
1977 1214
1978 3348
1979 644
1980 79
1981 3168
1982 1787
1983 1568
1984 2171
1985 1633
1986 1880
1987 258
1988 3501
1989 3333
1990 1747
1991 1928
1992 1536
1993 2084
1994 4214
1995 2021
1996 3802
1997 1512
1998 1961
1999 2084
2000 1634
2001 58
2002 3239
2003 4162
2004 1764
2005 1642
2006 399
2007 1866
2008 1693
2009 6
2010 1568
2011 1537
2012 1970
2013 3734
2014 3715
2015 1714
2016 1594
2017 4200
2018 3554
2019 1518
2020 3422
2021 1755
2022 1766
2023 3735
2024 2059
2025 1815
2026 1540
2027 3088
2028 1719
2029 1811
2030 1572
2031 1844
2032 363
2033 3719
2034 4203
2035 2163
2036 173
2037 3860
2038 1530
2039 2252
2040 2012
2041 4071
2042 1965
2043 3967
2044 4203
2045 2002
2046 1528
2047 209
2048 1524
2049 2080
2050 1701
2051 2964
2052 4179
2053 115
2054 2961
2055 1524
2056 80
2057 412
2058 3058
2059 476
2060 3489
2061 38
2062 3971
2063 106
2064 3422
2065 1561
2066 2853
2067 151
2068 2770
2069 1671
2070 1758
2071 1879
2072 317
2073 3424
2074 3289
2075 3238
2076 317
2077 1525
2078 3088
2079 2967
2080 1986
2081 3807
2082 297
2083 1672
2084 19
2085 4203
2086 1561
2087 2169
2088 1758
2089 1819
2090 4085
2091 1561
2092 2084
2093 1961
2094 4068
2095 4077
2096 3257
2097 2147
2098 179
2099 3088
2100 185
2101 1316
2102 1701
2103 1767
2104 2662
2105 1883
2106 2032
2107 79
2108 3940
2109 3800
2110 3166
2111 3279
2112 1561
2113 2967
2114 1550
2115 4164
2116 2055
2117 3967
2118 354
2119 1594
2120 3491
2121 3260
2122 1748
2123 1586
2124 233
2125 1968
2126 194
2127 3175
2128 2059
2129 1977
2130 1747
2131 3241
2132 3501
2133 4164
2134 2328
2135 3088
2136 1750
2137 1568
2138 1950
2139 3238
2140 1642
2141 316
2142 3845
2143 3415
2144 449
2145 209
2146 415
2147 3656
2148 1920
2149 1961
2150 316
2151 3845
2152 374
2153 1540
2154 2096
2155 3921
2156 1747
2157 3867
2158 2036
2159 4164
2160 1016
2161 1624
2162 3501
2163 3422
2164 1701
2165 396
2166 2084
2167 1561
2168 1525
2169 4276
2170 3221
2171 4077
2172 1795
2173 3504
2174 3222
2175 1684
2176 343
2176 1920
2176 1668
2176 88
2176 1575
2176 3903
2176 3324
2177 683
2178 4288
2179 4185
2180 3422
2181 3576
2182 1890
2183 317
2184 4051
2185 1490
2186 1460
2187 4154
2188 1684
2189 2119
2190 3377
2191 2637
2192 4179
2193 531
2194 3715
2195 3395
2196 3520
2197 3931
2198 4272
2199 1750
2200 3802
2201 4179
2202 1456
2203 2307
2204 3294
2205 543
2206 3769
2207 3933
2208 1332
2209 3940
2210 3831
2211 4283
2212 3110
2213 3807
2214 1370
2215 3792
2216 1989
2217 195
2218 4134
2219 2753
2220 3540
2221 4191
2222 563
2223 2333
2224 1011
2225 3534
2226 3967
2227 3807
2228 3021
2229 2252
2230 3422
2231 3113
2232 2096
2233 3940
2234 3019
2235 2211
2236 2137
2237 3005
2238 3270
2239 3211
2240 317
2241 1303
2242 1540
2243 3802
2244 3692
2245 2183
2246 4179
2247 2740
2248 1443
2249 1223
2250 3757
2251 1750
2252 354
2253 1378
2254 3757
2255 3446
2256 1562
2257 1967
2258 227
2259 4164
2260 1141
2261 3864
2262 1642
2263 4068
2264 2953
2265 1395
2266 1214
2267 4093
2268 1496
2269 1016
2270 3584
2271 4145
2272 1280
2273 3818
2274 3933
2275 198
2276 4200
2277 3013
2278 4068
2279 3809
2280 2705
2281 1961
2282 2287
2283 3689
2284 4181
2285 1096
2286 434
2287 1561
2288 1363
2289 3209
2290 3783
2291 1547
2292 4068
2293 1154
2294 2410
2295 2214
2296 531
2297 3946
2298 1331
2299 1719
2300 477
2301 2291
2302 1480
2303 1550
2304 2375
2305 438
2306 3358
2307 2944
2308 3915
2309 4185
2310 1656
2311 3001
2312 2964
2312 3680
2312 1263
2312 2331
2312 3769
2312 1412
2313 3815
2314 3845
2315 2371
2316 4051
2317 548
2318 3680
2319 2339
2320 1719
2321 1496
2322 1145
2323 198
2324 1253
2325 1656
2326 3891
2327 4179
2328 1968
2329 4094
2330 3444
2331 1220
2332 3933
2333 3537
2334 1338
2335 1363
2336 3835
2337 1496
2338 1170
2339 4097
2340 3822
2341 4200
2342 1386
2343 1377
2344 1460
2345 1819
2346 3680
2347 3864
2348 1766
2349 1502
2350 2510
2351 58
2352 2184
2353 135
2354 2249
2355 2084
2356 3543
2357 3395
2358 1594
2359 4191
2360 1389
2361 4179
2361 1562
2361 3792
2361 1095
2361 198
2362 2205
2363 1399
2364 3690
2365 3599
2366 2705
2367 3607
2368 1150
2369 3687
2370 3024
2371 1132
2372 2171
2373 1635
2374 2646
2375 2389
2376 3747
2377 3328
2378 3184
2379 1469
2380 3892
2381 1890
2382 3452
2383 1214
2384 4068
2385 3005
2386 1350
2387 1160
2388 1920
2389 531
2390 3757
2391 656
2392 3954
2393 2421
2394 2987
2395 3539
2396 4284
2397 1495
2398 2084
2399 3497
2400 1094
2401 1472
2402 1462
2403 4179
2404 3335
2405 2339
2406 4260
2407 4185
2408 1363
2409 1103
2410 1795
2411 3780
2412 4264
2413 1385
2414 3548
2415 3097
2416 2592
2417 629
2418 1011
2419 2426
2420 3845
2421 2497
2422 3070
2423 4203
2424 4203
2425 316
2426 757
2427 2591
2428 4059
2429 3038
2430 1774
2431 693
2432 2584
2433 705
2434 4004
2435 4203
2436 3469
2437 813
2438 2084
2439 3135
2440 3845
2441 4185
2442 3387
2443 2705
2444 2339
2445 586
2446 1758
2447 882
2448 858
2449 4264
2449 3478
2449 1057
2449 3554
2449 4278
2449 2589
2449 1836
2449 2827
2450 3324
2451 341
2452 3212
2453 2421
2454 841
2455 2971
2456 2871
2457 767
2458 4061
2459 680
2460 3807
2461 4203
2462 2084
2463 1586
2464 4155
2465 3693
2466 998
2467 1747
2468 2635
2469 954
2470 3212
2471 1015
2472 2944
2473 609
2474 3214
2475 832
2476 3553
2477 660
2478 2419
2479 998
2480 3867
2481 2943
2482 619
2483 954
2484 115
2485 2784
2486 3559
2487 4203
2488 911
2489 1016
2490 639
2491 2705
2492 2598
2493 714
2494 911
2495 3845
2496 3422
2497 2434
2498 2532
2499 3491
2500 3981
2501 2145
2502 115
2503 704
2504 2821
2505 894
2506 1082
2507 1684
2508 792
2509 3320
2510 625
2511 2564
2512 714
2513 2654
2514 2584
2515 1015
2516 1055
2517 809
2518 2084
2519 3401
2520 882
2521 781
2522 693
2523 911
2524 795
2525 3904
2526 621
2527 3559
2528 2555
2529 1633
2530 639
2531 4059
2532 2665
2533 1540
2534 983
2535 986
2536 3260
2537 3471
2538 3560
2539 935
2540 3145
2541 4061
2542 2481
2543 593
2544 3904
2545 3395
2546 875
2547 846
2548 3260
2549 2944
2550 1016
2551 621
2552 1766
2553 3708
2554 4023
2555 227
2556 1047
2557 2646
2558 813
2559 2457
2560 1764
2561 2643
2562 2661
2563 4060
2564 4127
2565 4015
2566 3650
2567 4203
2568 4059
2569 2421
2570 2844
2571 2753
2572 2482
2573 762
2574 2531
2575 826
2576 2752
2577 587
2578 660
2579 1533
2580 1095
2581 711
2582 4203
2583 964
2584 2687
2585 2084
2586 4015
2587 2672
2588 2426
2589 984
2590 747
2591 2706
2592 2648
2593 2592
2594 2429
2595 597
2596 4234
2597 3260
2598 106
2599 2646
2600 577
2601 2863
2602 2513
2603 3640
2604 1254
2605 4164
2606 2821
2607 1495
2608 2648
2609 3219
2610 3769
2611 4254
2612 2084
2613 678
2614 4179
2615 2705
2616 4162
2617 4164
2618 3852
2619 2525
2620 2599
2621 2854
2622 2871
2623 3302
2624 3970
2625 1747
2626 518
2627 3845
2628 911
2629 3779
2630 3635
2631 2856
2632 4264
2633 1264
2634 2084
2635 767
2636 2499
2637 2084
2638 3967
2639 4203
2640 4160
2641 3940
2642 2844
2643 2592
2644 4179
2645 1009
2646 4237
2647 834
2648 2815
2649 680
2650 3704
2651 1082
2652 964
2653 4023
2654 2912
2655 3333
2656 975
2657 1083
2658 593
2659 600
2660 2011
2661 1027
2662 1002
2663 3868
2664 2662
2665 3565
2666 4059
2667 1973
2668 1961
2669 3970
2670 4056
2671 2428
2672 2705
2673 4068
2674 2510
2675 593
2676 867
2677 609
2678 3967
2679 693
2680 619
2681 1766
2682 3790
2683 2837
2684 2648
2685 4079
2686 3552
2687 4259
2688 3036
2689 3422
2690 623
2691 1968
2692 3230
2693 313
2694 4079
2695 114
2696 222
2697 2557
2698 3970
2699 2645
2700 4061
2701 3809
2702 4203
2703 2624
2704 2654
2705 2769
2706 2628
2707 2844
2708 2848
2709 2654
2710 3239
2711 660
2712 3807
2713 2664
2714 115
2715 3845
2716 642
2716 4226
2716 1098
2716 3913
2716 3433
2717 911
2718 1747
2719 3477
2720 3553
2721 693
2722 3807
2723 3757
2724 781
2725 4010
2726 2687
2727 1642
2728 710
2729 4162
2730 2935
2731 3401
2732 2463
2733 644
2734 2748
2735 4264
2736 3408
2737 4093
2738 3492
2739 2151
2740 2854
2741 384
2742 4203
2743 1961
2744 3311
2745 3777
2746 3297
2747 732
2748 678
2749 2635
2750 767
2751 656
2752 3474
2753 644
2754 2612
2755 4272
2756 4260
2757 2587
2758 3561
2759 856
2760 4179
2761 4059
2762 2868
2763 3228
2764 4205
2765 2602
2766 2674
2767 274
2768 2637
2769 1086
2770 1684
2771 1758
2772 3790
2773 2421
2774 3228
2775 4067
2776 3250
2777 2426
2778 1668
2779 56
2780 3913
2781 1262
2782 2089
2783 3110
2784 2843
2785 644
2786 143
2787 699
2788 1645
2789 819
2790 2648
2791 823
2792 1047
2793 2618
2794 3554
2795 1016
2796 2643
2797 2637
2798 2795
2799 2526
2800 2753
2801 952
2802 2565
2803 2637
2804 2967
2805 4191
2806 3316
2807 693
2808 964
2809 4259
2810 3036
2811 1015
2812 1568
2813 3213
2814 733
2815 714
2816 1880
2817 4226
2818 1758
2819 3552
2820 899
2821 4157
2822 3554
2823 3467
2824 596
2825 3743
2826 2055
2827 621
2828 3038
2829 1968
2830 2773
2831 2741
2832 920
2833 2532
2834 2606
2835 1027
2836 1669
2837 2497
2838 3966
2839 911
2840 158
2841 2886
2842 2421
2843 1826
2844 3807
2845 2494
2846 1089
2847 2927
2848 4059
2849 2149
2850 882
2851 1747
2852 850
2853 3035
2854 3815
2855 2705
2856 1027
2857 2868
2858 2482
2859 1668
2860 809
2861 587
2862 313
2863 274
2864 2426
2865 1758
2866 2799
2867 151
2868 732
2869 2423
2870 4059
2871 1094
2872 1668
2873 3507
2874 3959
2875 1968
2876 2662
2877 998
2878 882
2879 1506
2880 2423
2881 593
2882 644
2883 998
2884 1082
2885 641
2886 781
2887 2453
2888 2854
2889 2558
2890 3905
2891 1747
2892 3008
2893 3313
2894 258
2895 3307
2896 3222
2897 1928
2898 4112
2899 4221
2900 2624
2901 2420
2902 2853
2903 2705
2904 3592
2905 2817
2906 2903
2907 3222
2908 3777
2909 2597
2910 4272
2911 2486
2912 2665
2913 2426
2914 2587
2915 846
2916 2503
2917 2084
2918 2714
2919 1961
2920 2434
2921 3424
2922 462
2923 803
2924 2556
2925 2012
2926 4258
2927 595
2928 3297
2929 1747
2930 3909
2931 100
2932 1568
2933 2360
2934 991
2935 1028
2936 2721
2937 3231
2938 2534
2939 2842
2940 4059
2941 3383
2942 2494
2943 3161
2944 3659
2945 2495
2946 3038
2947 4168
2948 1540
2949 1719
2950 3492
2951 1590
2952 219
2953 1928
2954 1016
2955 1548
2956 2145
2957 3209
2958 1564
2959 151
2960 169
2961 274
2962 3413
2963 1528
2964 1734
2965 3504
2966 3328
2967 3809
2968 369
2969 4273
2970 4203
2971 166
2972 991
2973 1530
2974 1509
2975 1747
2976 1530
2977 1999
2978 3497
2979 3130
2980 529
2981 4237
2982 2323
2983 317
2984 1377
2985 1747
2986 4283
2987 3444
2988 4181
2989 3860
2990 2240
2991 3650
2992 3915
2993 3350
2994 1558
2995 3967
2996 3001
2997 3921
2998 3940
2999 1341
3000 814
3001 4277
3002 2330
3003 1095
3004 1179
3005 3350
3006 4185
3007 3755
3008 1460
3009 1447
3010 198
3011 3940
3012 3358
3013 3194
3014 3616
3015 1379
3016 3496
3017 1214
3018 1256
3019 3676
3020 3496
3021 1132
3022 1202
3023 3830
3024 4079
3025 1459
3026 2188
3027 2463
3028 3850
3029 2753
3030 4259
3031 3039
3032 4011
3033 2515
3034 2094
3035 3924
3036 625
3037 2497
3038 2429
3039 3401
3040 2512
3041 1561
3042 587
3043 3395
3044 316
3045 781
3046 757
3047 1599
3048 3036
3049 814
3050 1610
3051 15
3052 15
3053 139
3054 3403
3055 3328
3056 1524
3057 3577
3058 1519
3059 3661
3060 3845
3061 3065
3062 2821
3063 3415
3064 3164
3065 449
3066 1561
3067 198
3068 363
3069 3394
3070 2094
3071 1862
3072 1642
3073 4260
3074 1991
3075 3423
3076 3650
3077 3260
3078 317
3079 2171
3080 9
3081 1879
3082 1961
3083 1628
3084 2089
3085 2854
3086 274
3087 1900
3088 3815
3089 2803
3090 2217
3091 1540
3092 3158
3093 2966
3094 554
3094 2698
3094 372
3094 1181
3094 3757
3095 2380
3096 4095
3097 1145
3098 2103
3099 1336
3100 3693
3101 1677
3102 3769
3103 1176
3104 3534
3105 3840
3106 3321
3107 2291
3108 3867
3109 1395
3110 1287
3111 2986
3112 2384
3113 4227
3114 2316
3115 2171
3116 3532
3117 1642
3118 3743
3119 2334
3120 1175
3121 4279
3122 3264
3123 4268
3124 553
3125 2103
3126 3820
3127 1766
3128 1333
3129 1477
3130 1302
3131 3914
3132 1399
3133 1677
3134 3640
3135 2434
3136 2486
3137 3587
3138 2943
3139 732
3140 3395
3141 960
3142 639
3143 757
3144 3807
3145 2526
3146 4132
3146 100
3146 2764
3146 348
3147 4065
3148 4264
3149 3709
3150 857
3151 4203
3152 4203
3153 4179
3154 4025
3155 4264
3156 2936
3157 3815
3158 3088
3159 2961
3160 97
3161 4254
3162 4127
3163 1262
3164 3236
3165 1961
3166 2162
3167 374
3168 1664
3169 3677
3170 1593
3171 1741
3172 3864
3173 1633
3174 3587
3175 1758
3176 1601
3177 2947
3178 4272
3179 3809
3180 3495
3181 3422
3182 2211
3183 3928
3184 3844
3185 3003
3186 2964
3187 3313
3188 1363
3189 3914
3190 3747
3191 3940
3192 3999
3193 396
3194 1316
3195 3753
3196 4001
3197 2333
3198 1321
3199 3444
3200 1016
3201 3623
3202 3624
3203 4179
3204 1436
3205 3054
3206 4149
3207 1004
3208 2969
3209 3940
3210 3442
3211 2327
3212 2453
3213 3320
3214 2150
3215 620
3216 888
3217 2615
3218 3809
3219 2935
3220 2685
3221 2662
3222 1015
3223 3477
3224 4179
3225 2084
3226 4149
3227 3339
3228 3864
3229 3149
3230 4205
3231 1528
3232 858
3233 1525
3234 612
3235 3802
3236 1528
3237 151
3238 270
3239 2145
3240 87
3241 4270
3242 151
3243 2012
3244 3940
3245 3792
3246 1802
3247 1534
3248 1214
3249 46
3250 317
3251 3532
3252 1670
3253 111
3254 3815
3255 2145
3256 1968
3257 3868
3258 80
3259 1669
3260 2956
3261 3654
3262 3492
3263 2871
3264 4185
3265 3357
3266 3456
3267 1094
3268 2330
3269 3827
3270 3537
3271 4003
3272 2252
3273 3454
3274 3693
3275 4179
3276 2341
3277 3132
3278 3770
3279 1395
3280 3616
3281 3561
3282 3459
3283 3279
3284 1677
3285 3967
3286 3541
3287 1000
3288 4179
3289 999
3290 1542
3291 1480
3292 1353
3293 1495
3294 3680
3295 587
3296 699
3297 693
3298 620
3299 3849
3300 2672
3301 3704
3302 3152
3303 2790
3304 3792
3305 1594
3306 202
3307 3559
3308 1262
3309 4025
3310 1677
3311 1047
3312 729
3313 3863
3314 1970
3315 3401
3316 2871
3317 1758
3318 169
3319 3349
3320 2291
3321 316
3322 3657
3323 4071
3324 3807
3325 1961
3326 3718
3327 4218
3328 3928
3329 3501
3330 1642
3331 1170
3332 2113
3333 1874
3334 3718
3335 1747
3336 4060
3337 1983
3338 3491
3339 313
3340 258
3341 1844
3342 3142
3343 2964
3344 3166
3345 1758
3346 1758
3347 625
3348 1642
3349 1548
3350 1338
3351 4191
3352 3034
3353 1492
3354 3454
3355 2252
3356 4086
3357 4284
3358 3840
3359 3940
3360 4067
3360 3845
3360 4260
3360 3088
3360 1642
3361 1363
3362 2206
3363 2266
3364 3532
3365 3989
3366 58
3367 3802
3368 3574
3369 3171
3370 3845
3371 3532
3372 3007
3373 1145
3374 4203
3375 2740
3376 2197
3377 4037
3378 2383
3379 2137
3380 1399
3381 1719
3382 3400
3383 2705
3384 3955
3385 2089
3386 3519
3387 792
3388 1610
3389 4129
3390 875
3391 593
3392 709
3393 641
3394 3497
3395 3559
3396 2912
3397 4203
3398 3401
3399 3867
3400 4068
3401 1004
3402 834
3403 2051
3404 1766
3405 3328
3406 3582
3407 3088
3408 3423
3409 1511
3410 1832
3411 1747
3412 1214
3413 3815
3414 4059
3415 2145
3416 316
3417 4203
3418 1767
3419 4273
3420 3395
3421 2016
3422 3693
3423 3452
3424 1887
3425 1013
3426 4221
3427 3872
3428 4164
3429 1970
3430 3577
3431 19
3432 3024
3433 1202
3434 2389
3435 3672
3436 1594
3437 4003
3438 2179
3439 2229
3440 3612
3441 4232
3442 1363
3443 4047
3444 3836
3445 2740
3446 2012
3447 2365
3448 4241
3449 2257
3450 3118
3451 1336
3452 3209
3453 3677
3454 4039
3455 1274
3456 4191
3457 1767
3458 3383
3459 2249
3460 1594
3461 4083
3462 3424
3463 1364
3464 3707
3465 1184
3466 4203
3467 3777
3468 3845
3469 639
3470 1684
3471 1016
3472 2421
3473 715
3474 1528
3475 4121
3476 3553
3477 3260
3478 2870
3479 2744
3480 2520
3481 2775
3482 841
3483 2652
3484 2463
3485 4203
3486 2967
3487 1541
3488 3980
3489 2821
3490 1967
3491 3303
3492 2048
3493 1645
3494 1535
3495 1684
3496 3836
3497 3236
3498 1535
3499 3492
3500 2145
3501 4059
3502 3792
3503 151
3504 4264
3505 166
3506 1844
3507 1530
3508 1928
3509 3926
3510 2944
3511 1734
3512 2203
3513 3421
3514 4191
3515 4244
3516 2964
3517 756
3518 3807
3519 3024
3520 3534
3521 1412
3522 2211
3523 3807
3524 3651
3525 1561
3526 2258
3527 3744
3528 448
3529 1714
3530 1346
3531 3603
3532 2084
3533 4179
3534 3005
3535 3193
3536 3820
3537 1363
3538 4284
3539 1496
3540 3534
3541 3595
3542 3422
3543 1365
3544 4149
3545 1121
3546 2384
3547 3948
3548 1928
3549 3456
3550 3270
3551 4179
3552 2501
3553 1542
3554 2457
3555 964
3556 4203
3557 905
3558 4156
3559 871
3560 2714
3561 716
3562 832
3563 1082
3564 3142
3565 2734
3566 3497
3566 1642
3566 3716
3566 764
3566 882
3566 932
3566 3959
3566 4059
3567 2496
3568 3029
3569 1502
3570 1082
3571 1621
3572 1984
3573 2740
3574 222
3575 3328
3576 1690
3577 3864
3578 1512
3579 2021
3580 2120
3581 1823
3582 15
3583 1561
3584 4059
3585 79
3586 399
3587 1750
3588 1982
3589 3915
3590 3401
3591 3921
3592 3920
3593 3979
3594 1961
3595 4103
3596 1346
3597 1181
3598 4008
3599 3442
3600 4051
3601 2740
3602 4094
3603 1256
3604 4284
3605 2084
3606 4154
3607 3354
3608 3350
3609 3891
3610 3456
3611 2363
3612 3802
3613 1986
3614 3512
3615 1747
3616 3627
3617 1170
3618 3395
3619 4139
3620 3940
3621 4196
3622 2218
3623 3595
3624 1253
3625 3940
3626 3088
3627 4231
3628 3400
3629 2763
3630 999
3631 1051
3632 4203
3633 920
3634 2902
3635 575
3636 2712
3637 3741
3638 4155
3639 2753
3640 2961
3641 3401
3642 984
3643 3320
3644 1787
3645 1503
3646 1719
3647 4179
3648 1981
3649 3915
3650 2218
3651 3328
3652 1253
3653 1758
3654 3427
3655 1525
3656 613
3657 1094
3658 3422
3659 4203
3660 2001
3661 80
3662 1758
3663 4080
3664 1804
3665 1535
3666 1826
3667 3506
3668 2964
3669 1970
3670 2145
3671 3752
3672 3013
3673 3238
3674 3186
3675 1253
3676 3889
3677 2291
3678 1364
3679 2380
3680 1840
3681 3515
3682 3422
3683 4256
3684 3271
3685 198
3686 1594
3687 3891
3688 1747
3689 2248
3690 3320
3691 1145
3692 354
3693 767
3694 3942
3695 3754
3696 4179
3697 3273
3698 1767
3699 4044
3700 2846
3701 1582
3702 4203
3703 3395
3704 887
3705 258
3706 998
3707 1635
3708 1519
3709 1684
3710 4254
3710 143
3711 3400
3712 4061
3713 4179
3714 1747
3715 1561
3716 318
3717 3320
3718 3928
3719 1737
3720 2635
3721 1815
3722 3328
3723 2145
3724 4270
3725 2048
3726 1767
3727 1610
3728 1758
3729 4179
3730 71
3731 1509
3732 1659
3733 4179
3734 1997
3735 2150
3736 3715
3737 1530
3738 3802
3739 1542
3740 1747
3741 4203
3742 1318
3743 3915
3744 1313
3745 1223
3746 2218
3747 1363
3748 1338
3749 3774
3750 2546
3751 548
3752 2184
3753 1253
3754 3693
3755 3951
3756 1495
3757 3718
3758 4118
3759 2145
3760 3321
3761 1840
3762 4136
3763 1509
3764 4191
3765 2385
3766 1253
3767 3985
3768 1528
3769 4001
3770 3003
3771 3107
3772 3940
3773 2339
3774 3161
3775 4086
3776 1684
3777 3041
3778 733
3779 1028
3780 3088
3781 3507
3782 1535
3783 1094
3784 4059
3785 1018
3786 2012
3787 4066
3788 984
3789 2465
3790 4179
3791 3850
3792 1766
3793 2947
3794 3328
3795 2947
3796 3756
3797 3874
3798 3971
3799 1844
3800 1859
3801 4023
3802 1642
3803 613
3804 6
3805 3739
3806 2541
3807 93
3808 1584
3809 4155
3810 1561
3811 169
3812 1526
3813 1540
3814 1528
3815 3489
3816 1633
3817 3690
3818 3422
3819 2291
3820 2740
3821 169
3822 2037
3823 3818
3824 1184
3825 4187
3826 1363
3827 2339
3828 1364
3829 1282
3830 1333
3831 544
3832 553
3833 1363
3834 3967
3835 3897
3836 1494
3837 1604
3838 1105
3839 2795
3840 1363
3841 1377
3842 2260
3843 3616
3844 4191
3845 3401
3846 1015
3847 4032
3848 2871
3849 3637
3850 2555
3851 4059
3852 1535
3853 3786
3854 3034
3855 4056
3856 1019
3857 1047
3858 2480
3859 4124
3860 1558
3861 2469
3862 3981
3863 1564
3864 3718
3865 3809
3866 112
3867 3971
3868 56
3869 1586
3870 1568
3871 1726
3872 2045
3873 3868
3874 1706
3875 4127
3876 3241
3877 1840
3878 3891
3879 1642
3880 3802
3881 3422
3882 3497
3883 3680
3884 3754
3885 4185
3886 4025
3887 3940
3888 3515
3889 587
3890 3752
3891 3627
3892 2296
3893 4277
3894 82
3895 3491
3896 3915
3897 4059
3898 3769
3899 3703
3900 274
3901 803
3902 2967
3903 399
3904 2486
3905 2627
3906 2568
3906 3394
3906 2497
3906 2662
3906 3708
3907 2809
3908 3559
3909 644
3910 705
3911 4157
3912 3873
3913 2474
3914 449
3915 2145
3916 1758
3917 143
3918 3868
3919 405
3920 2967
3921 1677
3922 4157
3923 313
3924 2171
3925 1961
3926 374
3927 1726
3928 2094
3929 274
3930 1359
3931 3932
3932 2338
3933 4200
3934 3599
3935 4154
3936 1134
3937 3675
3938 258
3939 4231
3940 4224
3941 1604
3942 3521
3943 3891
3944 3815
3945 3680
3946 3283
3947 3703
3948 3822
3949 3889
3950 2203
3951 3377
3952 1642
3953 4047
3954 4179
3955 4039
3956 1356
3957 3985
3958 2555
3959 4068
3960 644
3961 3757
3962 3882
3963 3145
3964 4176
3965 2486
3966 3504
3967 3940
3968 4249
3969 3845
3970 2734
3971 3807
3972 3860
3973 2163
3974 1524
3975 151
3976 3815
3977 1512
3978 3339
3979 1961
3980 3792
3981 3260
3982 686
3983 4168
3984 1656
3985 4127
3986 317
3987 2395
3988 3690
3989 4260
3990 2404
3991 3519
3992 3935
3993 4197
3994 4214
3995 3745
3996 1364
3997 1456
3998 2273
3999 3580
4000 3818
4001 3921
4002 3268
4003 2343
4004 2298
4005 1819
4006 3194
4007 4148
4008 3350
4009 4280
4010 4062
4011 911
4012 1046
4013 3802
4014 2520
4015 3860
4016 3532
4017 2912
4018 4203
4019 2770
4020 2635
4021 258
4022 4065
4023 2103
4024 3864
4025 2947
4026 3423
4027 1548
4028 222
4029 1986
4030 2012
4031 1565
4032 1525
4033 1395
4034 3009
4035 3595
4036 3757
4037 4240
4038 3270
4039 477
4040 4229
4041 3769
4042 2211
4043 4093
4044 3122
4045 1496
4046 2037
4047 4083
4048 4264
4049 1495
4050 3283
4051 1287
4052 2944
4053 2304
4054 1377
4055 3709
4056 3452
4057 2049
4058 2635
4059 3501
4060 2637
4061 4254
4062 2815
4063 3149
4064 2863
4065 846
4066 823
4067 1094
4068 2012
4069 1710
4070 3400
4071 1834
4072 3860
4073 490
4074 2062
4075 2138
4076 3735
4077 1961
4078 3873
4079 1970
4080 4068
4081 4059
4082 3320
4083 1378
4084 1499
4085 4179
4086 1379
4087 3541
4088 3320
4089 3770
4090 4147
4091 1331
4092 1160
4093 3451
4094 3537
4095 4047
4096 3532
4097 3109
4098 3743
4099 1415
4100 1353
4101 1495
4102 1184
4103 4087
4104 3009
4105 658
4106 4156
4107 4009
4108 3554
4109 689
4110 1766
4111 3967
4112 3809
4113 198
4114 4273
4115 3809
4116 1656
4117 2048
4118 316
4119 91
4120 613
4121 4262
4122 4185
4123 1584
4124 1658
4125 2961
4126 4174
4127 3501
4128 1540
4129 4174
4130 4070
4131 1561
4132 180
4133 3861
4134 3823
4135 3828
4136 3762
4137 3599
4138 3724
4139 1461
4140 3269
4141 1326
4142 247
4143 3614
4144 3110
4145 4179
4146 3005
4147 3971
4148 3456
4149 2358
4150 2378
4151 3365
4152 1604
4153 169
4154 3350
4155 2045
4156 4106
4157 704
4158 3236
4159 3863
4160 3088
4161 1758
4162 2705
4163 693
4164 100
4165 1524
4166 2961
4167 2949
4168 4032
4169 1568
4170 91
4171 270
4172 313
4173 166
4174 3036
4175 3424
4176 4164
4177 169
4178 3718
4179 316
4180 4227
4181 219
4182 3108
4183 3413
4184 2193
4185 1094
4186 3818
4187 2165
4188 1766
4189 3443
4190 3005
4191 3292
4192 3285
4193 3755
4194 4214
4195 3769
4196 4243
4197 3807
4198 3200
4199 1701
4200 3395
4201 1547
4202 1594
4203 3807
4204 4162
4205 2687
4206 1485
4207 2821
4208 2421
4209 952
4210 1734
4211 4300
4212 1642
4213 4254
4214 1758
4215 1684
4216 4130
4217 151
4218 1561
4219 1772
4220 1540
4221 3024
4222 2096
4223 1890
4224 2342
4225 3755
4226 1150
4227 3677
4228 1016
4229 1328
4230 1436
4231 4103
4232 3285
4233 4221
4234 2246
4235 1002
4236 1492
4237 1758
4238 2409
4239 2949
4240 3762
4241 3444
4242 3320
4243 1766
4244 1243
4245 1363
4246 1111
4247 3422
4248 1376
4249 1642
4250 3554
4251 813
4252 1525
4253 3400
4254 2732
4255 644
4256 3683
4257 3562
4258 4060
4259 1002
4260 1810
4261 2912
4262 905
4263 3724
4264 4203
4265 4264
4266 994
4267 1604
4268 1985
4269 4221
4270 3424
4271 1549
4272 316
4273 3501
4274 609
4275 1935
4276 2171
4277 628
4278 3747
4279 2705
4280 3863
4281 4284
4282 3109
4283 1377
4284 3454
4285 3894
4286 3676
4287 3614
4288 2770
4289 4179
4290 3184
4291 1823
4292 3394
4293 4061
4294 3982
4295 911
4295 639
4295 4065
4295 689
4295 2741
4295 2743
4295 2770
4295 3719
4295 1535
4296 1826
4297 1757
4298 219
4299 3791
4300 813
4301 2428
4302 3289
4303 901
4304 1726
4305 4179
